0.025096915969591255
0.03979317283555386
0.05731793545784305
0.07315570729576272
0.08681150275033807
0.09995594740131303
0.1115141804515315
0.12209979132702224
0.13000537185585367
0.13867362683913462
0.14956412748081926
0.15724345174155377
0.16544687458360496
0.17428268347145565
0.18047043108948013
0.1858935592532626
0.19215243894208892
0.19767695718213718
0.20409120631195443
0.20863759941636395
0.2132765336341225
0.22143187055705676
0.22662056140728207
0.2307609230239763
0.23543115846944174
0.23907172775073118
0.2441485856779862
0.24881123428906735
0.2531084293901837
0.25812999497991757
0.2604357238033616
0.2635291571119651
0.26703368830523305
0.2700202734984428
0.272460339769913
0.2750303113390023
0.27809734778759443
0.28160732053140936
0.28509097149273827
0.28788896563691413
0.2899530226165574
0.2940865903117461
0.29658801748101976
0.29967743138436714
0.30244099922736184
0.3050533813954115
0.30812987295418937
0.31025085984039064
0.31351268701004276
0.3158638064471006
0.3183437919310471
0.32185242383156604
0.3244837959490192
0.3263826594646538
0.32956989956214844
0.3325331998492813
0.33500457160069635
0.33764330739175125
0.34018080215483826
0.34314938143111584
0.34524855474780103
0.3475424331334242
0.34951510525549206
0.3508683370147725
0.35364093178670286
0.35585718617151935
0.3586315958296271
0.3604823255247775
0.36226270874506755
0.36446901492134703
0.3665685731473563
0.36853304942129456
0.3710721535457581
0.3726220601132608
0.3751541540068903
0.3768473444952739
0.37930852073527555
0.3816663622689029
0.3826919773551957
0.38369989060531595
0.38542854503018803
0.38754578697018444
0.39016553213925853
0.39110996344249843
0.3926876369525436
0.39440052989016855
0.3958765939701631
0.3974074743693872
0.39916149440969223
0.400198946632708
0.40110357789991347
0.4028126408122846
0.4039347170695962
0.40516133379465624
0.4067371735473048
0.4082839571006113
0.4099824110618211
0.4115505255154906
0.4133158494886687
