0.02229190513155135
0.04047612724555771
0.057281000755391956
0.07430722412619399
0.09070480727073013
0.10309650659142618
0.11374996952672937
0.1222466031228668
0.13392885103880217
0.14226291152670037
0.15039921999058062
0.15952370537454322
0.16715312224776177
0.1764211284120114
0.18176426571982895
0.18831551063606608
0.1936819492666456
0.20045839815464928
0.2069931109706189
0.2124411893148451
0.21721249752380997
0.22354678752488927
0.22845740950384447
0.2334903699043471
0.2390350724246738
0.2448006986160445
0.249521001181473
0.25386018428155904
0.25882176847790433
0.26201293759168814
0.2658769292942046
0.2697917924476631
0.2731759387157722
0.2769018824964355
0.2807301227505882
0.28409019336457886
0.2878087598044357
0.2915751336106753
0.29513113914837713
0.298894312602029
0.3013580610995451
0.30457666762221836
0.3073768296487139
0.3100246294928153
0.3134637228049078
0.3161138619419465
0.31951379695433374
0.3233363155272282
0.3257822227529746
0.3278038108192371
0.32995945114712116
0.33317981222811827
0.3356256506834814
0.3382947556697797
0.34008586183597217
0.3411482738340422
0.3443480747811215
0.34613748186688525
0.3478893152003507
0.350289569149343
0.35380418423460136
0.35675074433158366
0.3594090885450836
0.3613932852638526
0.3638126018755906
0.36784415129529874
0.36887263026892125
0.370033223893269
0.3722465519531448
0.3744660183160391
0.37576408742255696
0.37715656391400526
0.3795104793887897
0.38093277424406957
0.383236205226898
0.3852510538280061
0.3870386957986879
0.38919895377098074
0.39073123868926773
0.39179063029306593
0.3938796604255738
0.3951247453590729
0.39673672833353435
0.39817696696964283
0.3995001475168155
0.40143557393303714
0.4025185665109282
0.404081689612612
0.40515024502461855
0.4070614595507781
0.4089380647903813
0.410878372609036
0.4118110752274189
0.41430354593338653
0.41601363286376103
0.41844999496508956
0.4204574891664496
0.42127504850055303
0.422403342696631
